10,147
10,138
10,185
10,280
10,34
10,232
10,226
10,223
11,8
11,17
11,19
9,5
8,15
8,17
116,2
116,0
115,6
115,5
115,4
115,3
115,2
115,1
115,0
114,3
114,2
114,1
114,0
113,3
113,2
113,1
113,0
112,3
112,2
112,1
112,0
20,3
20,2
20,1
19,2
19,1
12,3
12,2
19,3
12,1
11,30
11,28
11,27
11,25
11,24
11,22
11,21
11,20
11,18
11,14
11,12
11,11
11,7
11,6
11,3
11,2
11,1
10,284
10,269
10,244
10,242
10,194
10,181
10,176
10,173
10,166
10,164
10,161
10,149
10,124
10,111
10,102
10,101
10,78
10,77
10,32
18,1
10,27
10,25
18,3
10,6
10,3
10,2
14,1
10,1
9,7
9,6
14,3
13,1
9,4
9,3
9,2
13,3
9,1
8,18
8,16
8,14
8,13
8,12
8,11
8,10
8,9
8,7
8,6
8,5
